,Unit_Type,Max_Unit_Size,Current_Unit_Size,Max_HP,Current_HP,Speed,Attack,Defense,BD,AP,BMD,MAP,AOE,Range,RT,Armor,W,FW,BL,Size,APT
1,Fanteria_Leggera_1,32,32,62,62,3.0,33,30,29,5,0,0,1,0.0,0,60,Fire,0,0,1,1
2,Fanteria_Leggera_2,32,32,62,62,3.0,33,30,29,5,0,0,1,0.0,0,60,Fire,1,0,1,1
3,Fanteria_Leggera_3,32,32,62,62,3.0,33,30,29,5,0,0,1,0.0,0,60,Fire,0,0,1,1
4,Fanteria_Leggera_4,32,32,62,62,3.0,33,30,29,5,0,0,1,0.0,0,60,Fire,0,0,1,1
5,Fanteria_Leggera_5,32,32,62,62,3.0,33,30,29,5,0,0,1,0.0,0,60,Fire,0,0,1,1
6,Fanteria_Pesante_1,24,24,108,105,1.5,38,28,29,13,0,0,1,0.0,0,50,No,1,8,1,1
7,Fanteria_Pesante_2,24,21,108,107,1.5,38,28,29,13,0,0,1,0.0,0,50,No,1,8,1,1
8,Fanteria_Elite_1,16,16,135,135,1.5,40,31,14,36,0,0,1,0.0,0,110,No,1,0,1,1
9,Arcieri_1,24,24,55,55,3.0,16,14,19,5,16,3,1,12.0,0,15,Fire,0,0,1,1
10,Arcieri_2,24,24,55,55,3.0,16,14,19,5,16,3,1,12.0,0,15,Fire,1,0,1,1
11,Arcieri_3,24,24,55,55,3.0,16,14,19,5,16,3,1,12.0,0,15,Fire,1,0,1,1
12,Maghi_Bombardieri,16,16,76,76,3.0,36,38,22,10,4,18,2,12.0,0,40,No,0,0,1,1
13,Cavalleria_Leggera_1,16,13,104,100,6.0,24,28,25,7,0,0,1,0.0,0,35,No,0,0,15,1
14,Cavalleria_Leggera_2,16,16,104,104,6.0,24,28,25,7,0,0,1,0.0,0,35,No,0,0,15,1
15,Cavalleria_Pesante_1,12,12,112,112,6.0,29,29,7,27,0,0,1,0.0,0,70,No,0,0,15,1
16,Catapulte_1,2,2,45,45,1.5,10,6,24,21,70,170,5,27.0,1,15,No,0,0,3,2
17,Catapulte_2,2,2,45,45,1.5,10,6,24,21,70,170,5,27.0,1,15,No,0,0,3,2
18,Warhounds_1,24,24,68,68,4.5,26,20,19,3,0,0,1,0.0,0,15,No,0,0,1,1
19,Warhounds_2,24,24,68,68,4.5,26,20,19,3,0,0,1,0.0,0,15,No,0,0,1,1
20,Warhounds_3,24,24,68,68,4.5,26,20,19,3,0,0,1,0.0,0,15,No,0,0,1,1
21,Zombies_1,40,12,55,30,1.5,5,6,16,2,0,0,1,0.0,0,0,No,0,0,1,1
22,Zombies_2,40,40,55,55,1.5,5,6,16,2,0,0,1,0.0,0,0,No,0,0,1,1
23,Zombies_3,40,-43,55,50,1.5,5,6,16,2,0,0,1,0.0,0,0,No,0,0,1,1
24,Zombies_4,40,-12,55,-93,1.5,5,6,16,2,0,0,1,0.0,0,0,No,0,0,1,1
25,Zombies_5,40,40,55,55,1.5,5,6,16,2,0,0,1,0.0,0,0,No,0,0,1,1
26,Zombies_6,40,40,55,55,1.5,5,6,16,2,0,0,1,0.0,0,0,No,0,0,1,1
27,Zombies_7,40,40,55,55,1.5,5,6,16,2,0,0,1,0.0,0,0,No,0,0,1,1
28,Funghi_1,28,28,74,74,3.0,26,26,13,29,0,0,1,0.0,0,90,No,0,0,1,1
29,Funghi_2,28,28,74,74,3.0,26,26,13,29,0,0,1,0.0,0,90,No,0,0,1,1
30,Funghi_3,28,28,74,74,3.0,26,26,13,29,0,0,1,0.0,0,90,No,0,0,1,1
31,Ghouls_1,32,32,63,63,3.0,32,25,36,4,0,0,1,0.0,0,10,Fire,0,0,1,1
32,Ghouls_2,32,0,63,63,3.0,32,25,36,4,0,0,1,0.0,0,10,Fire,0,0,1,1
33,Zanzare_1,6,6,184,184,6.0,26,22,20,6,13,31,2,9.0,0,15,Lighting,0,0,2,2
34,Zanzare_2,6,6,184,184,6.0,26,22,20,6,13,31,2,9.0,0,15,Lighting,0,0,2,2
35,Zanzare_3,6,6,184,184,6.0,26,22,20,6,13,31,2,9.0,0,15,Lighting,0,0,2,2
36,Zanzare_4,6,6,184,184,6.0,26,22,20,6,13,31,2,9.0,0,15,Lighting,0,0,2,2
37,Vargheist_1,4,4,387,160,3.0,40,25,30,70,0,0,2,0.0,0,10,No,0,15,2,1
38,Vargheist_2,4,4,387,387,3.0,40,25,30,70,0,0,2,0.0,0,10,No,0,15,2,1
39,Varghulf_1,1,1,1760,1760,4.5,50,42,70,140,0,0,2,0.0,0,40,Fire,0,0,3,3
40,Mournguls_1,4,4,560,500,3.0,36,26,20,50,0,0,2,0.0,0,30,No,0,0,2,2
41,Mournguls_2,4,4,560,560,3.0,36,26,20,50,0,0,2,0.0,0,30,No,0,0,2,2
